      1.       2.     16.     47.     40.
      2.     16.     15.     54.     47.
      3.     15.     14.     61.     54.
      4.     14.     13.     68.     61.
      5.     13.     12.     75.     68.
      6.     12.     11.     82.     75.
      7.     11.     10.     89.     82.
      8.     10.      9.     96.     89.
      9.      9.      8.    103.     96.
     10.      8.      7.    110.    103.
     11.      7.      6.    117.    110.
     12.      6.      5.    124.    117.
     13.      5.      4.    131.    124.
     14.      4.      3.    138.    131.
     15.      3.      1.     18.    138.
     16.     40.     47.     48.     41.
     17.     47.     54.     55.     48.
     18.     54.     61.     62.     55.
     19.     61.     68.     69.     62.
     20.     68.     75.     76.     69.
     21.     75.     82.     83.     76.
     22.     82.     89.     90.     83.
     23.     89.     96.     97.     90.
     24.     96.    103.    104.     97.
     25.    103.    110.    111.    104.
     26.    110.    117.    118.    111.
     27.    117.    124.    125.    118.
     28.    124.    131.    132.    125.
     29.    131.    138.    139.    132.
     30.    138.     18.     19.    139.
     31.     41.     48.     49.     42.
     32.     48.     55.     56.     49.
     33.     55.     62.     63.     56.
     34.     62.     69.     70.     63.
     35.     69.     76.     77.     70.
     36.     76.     83.     84.     77.
     37.     83.     90.     91.     84.
     38.     90.     97.     98.     91.
     39.     97.    104.    105.     98.
     40.    104.    111.    112.    105.
     41.    111.    118.    119.    112.
     42.    118.    125.    126.    119.
     43.    125.    132.    133.    126.
     44.    132.    139.    140.    133.
     45.    139.     19.     20.    140.
     46.     42.     49.     50.     43.
     47.     49.     56.     57.     50.
     48.     56.     63.     64.     57.
     49.     63.     70.     71.     64.
     50.     70.     77.     78.     71.
     51.     77.     84.     85.     78.
     52.     84.     91.     92.     85.
     53.     91.     98.     99.     92.
     54.     98.    105.    106.     99.
     55.    105.    112.    113.    106.
     56.    112.    119.    120.    113.
     57.    119.    126.    127.    120.
     58.    126.    133.    134.    127.
     59.    133.    140.    141.    134.
     60.    140.     20.     21.    141.
     61.     43.     50.     51.     44.
     62.     50.     57.     58.     51.
     63.     57.     64.     65.     58.
     64.     64.     71.     72.     65.
     65.     71.     78.     79.     72.
     66.     78.     85.     86.     79.
     67.     85.     92.     93.     86.
     68.     92.     99.    100.     93.
     69.     99.    106.    107.    100.
     70.    106.    113.    114.    107.
     71.    113.    120.    121.    114.
     72.    120.    127.    128.    121.
     73.    127.    134.    135.    128.
     74.    134.    141.    142.    135.
     75.    141.     21.     22.    142.
     76.     44.     51.     52.     45.
     77.     51.     58.     59.     52.
     78.     58.     65.     66.     59.
     79.     65.     72.     73.     66.
     80.     72.     79.     80.     73.
     81.     79.     86.     87.     80.
     82.     86.     93.     94.     87.
     83.     93.    100.    101.     94.
     84.    100.    107.    108.    101.
     85.    107.    114.    115.    108.
     86.    114.    121.    122.    115.
     87.    121.    128.    129.    122.
     88.    128.    135.    136.    129.
     89.    135.    142.    143.    136.
     90.    142.     22.     23.    143.
     91.     45.     52.     53.     46.
     92.     52.     59.     60.     53.
     93.     59.     66.     67.     60.
     94.     66.     73.     74.     67.
     95.     73.     80.     81.     74.
     96.     80.     87.     88.     81.
     97.     87.     94.     95.     88.
     98.     94.    101.    102.     95.
     99.    101.    108.    109.    102.
    100.    108.    115.    116.    109.
    101.    115.    122.    123.    116.
    102.    122.    129.    130.    123.
    103.    129.    136.    137.    130.
    104.    136.    143.    144.    137.
    105.    143.     23.     24.    144.
    106.     46.     53.     39.     35.
    107.     53.     60.     38.     39.
    108.     60.     67.     37.     38.
    109.     67.     74.     36.     37.
    110.     74.     81.     25.     36.
    111.     81.     88.     26.     25.
    112.     88.     95.     27.     26.
    113.     95.    102.     28.     27.
    114.    102.    109.     29.     28.
    115.    109.    116.     30.     29.
    116.    116.    123.     31.     30.
    117.    123.    130.     32.     31.
    118.    130.    137.     33.     32.
    119.    137.    144.     34.     33.
    120.    144.     24.     17.     34.
    121.      1.    159.    182.     18.
    122.    159.    158.    189.    182.
    123.    158.    157.    196.    189.
    124.    157.    156.    203.    196.
    125.    156.    155.    210.    203.
    126.    155.    154.    217.    210.
    127.    154.    153.    224.    217.
    128.    153.    152.    231.    224.
    129.    152.    151.    238.    231.
    130.    151.    150.    245.    238.
    131.    150.    149.    252.    245.
    132.    149.    148.    259.    252.
    133.    148.    147.    266.    259.
    134.    147.    146.    273.    266.
    135.    146.    145.    161.    273.
    136.     18.    182.    183.     19.
    137.    182.    189.    190.    183.
    138.    189.    196.    197.    190.
    139.    196.    203.    204.    197.
    140.    203.    210.    211.    204.
    141.    210.    217.    218.    211.
    142.    217.    224.    225.    218.
    143.    224.    231.    232.    225.
    144.    231.    238.    239.    232.
    145.    238.    245.    246.    239.
    146.    245.    252.    253.    246.
    147.    252.    259.    260.    253.
    148.    259.    266.    267.    260.
    149.    266.    273.    274.    267.
    150.    273.    161.    162.    274.
    151.     19.    183.    184.     20.
    152.    183.    190.    191.    184.
    153.    190.    197.    198.    191.
    154.    197.    204.    205.    198.
    155.    204.    211.    212.    205.
    156.    211.    218.    219.    212.
    157.    218.    225.    226.    219.
    158.    225.    232.    233.    226.
    159.    232.    239.    240.    233.
    160.    239.    246.    247.    240.
    161.    246.    253.    254.    247.
    162.    253.    260.    261.    254.
    163.    260.    267.    268.    261.
    164.    267.    274.    275.    268.
    165.    274.    162.    163.    275.
    166.     20.    184.    185.     21.
    167.    184.    191.    192.    185.
    168.    191.    198.    199.    192.
    169.    198.    205.    206.    199.
    170.    205.    212.    213.    206.
    171.    212.    219.    220.    213.
    172.    219.    226.    227.    220.
    173.    226.    233.    234.    227.
    174.    233.    240.    241.    234.
    175.    240.    247.    248.    241.
    176.    247.    254.    255.    248.
    177.    254.    261.    262.    255.
    178.    261.    268.    269.    262.
    179.    268.    275.    276.    269.
    180.    275.    163.    164.    276.
    181.     21.    185.    186.     22.
    182.    185.    192.    193.    186.
    183.    192.    199.    200.    193.
    184.    199.    206.    207.    200.
    185.    206.    213.    214.    207.
    186.    213.    220.    221.    214.
    187.    220.    227.    228.    221.
    188.    227.    234.    235.    228.
    189.    234.    241.    242.    235.
    190.    241.    248.    249.    242.
    191.    248.    255.    256.    249.
    192.    255.    262.    263.    256.
    193.    262.    269.    270.    263.
    194.    269.    276.    277.    270.
    195.    276.    164.    165.    277.
    196.     22.    186.    187.     23.
    197.    186.    193.    194.    187.
    198.    193.    200.    201.    194.
    199.    200.    207.    208.    201.
    200.    207.    214.    215.    208.
    201.    214.    221.    222.    215.
    202.    221.    228.    229.    222.
    203.    228.    235.    236.    229.
    204.    235.    242.    243.    236.
    205.    242.    249.    250.    243.
    206.    249.    256.    257.    250.
    207.    256.    263.    264.    257.
    208.    263.    270.    271.    264.
    209.    270.    277.    278.    271.
    210.    277.    165.    166.    278.
    211.     23.    187.    188.     24.
    212.    187.    194.    195.    188.
    213.    194.    201.    202.    195.
    214.    201.    208.    209.    202.
    215.    208.    215.    216.    209.
    216.    215.    222.    223.    216.
    217.    222.    229.    230.    223.
    218.    229.    236.    237.    230.
    219.    236.    243.    244.    237.
    220.    243.    250.    251.    244.
    221.    250.    257.    258.    251.
    222.    257.    264.    265.    258.
    223.    264.    271.    272.    265.
    224.    271.    278.    279.    272.
    225.    278.    166.    167.    279.
    226.     24.    188.    181.     17.
    227.    188.    195.    180.    181.
    228.    195.    202.    179.    180.
    229.    202.    209.    178.    179.
    230.    209.    216.    177.    178.
    231.    216.    223.    176.    177.
    232.    223.    230.    175.    176.
    233.    230.    237.    174.    175.
    234.    237.    244.    173.    174.
    235.    244.    251.    168.    173.
    236.    251.    258.    169.    168.
    237.    258.    265.    170.    169.
    238.    265.    272.    171.    170.
    239.    272.    279.    172.    171.
    240.    279.    167.    160.    172.
    241.     35.    284.    317.     46.
    242.    284.    283.    324.    317.
    243.    283.    282.    331.    324.
    244.    282.    281.    338.    331.
    245.    281.    280.    345.    338.
    246.    280.    286.    352.    345.
    247.    286.    287.    359.    352.
    248.    287.    288.    366.    359.
    249.    288.    289.    373.    366.
    250.    289.    290.    380.    373.
    251.    290.    291.    387.    380.
    252.    291.    292.    394.    387.
    253.    292.    293.    401.    394.
    254.    293.    294.    408.    401.
    255.    294.    285.    302.    408.
    256.     46.    317.    318.     45.
    257.    317.    324.    325.    318.
    258.    324.    331.    332.    325.
    259.    331.    338.    339.    332.
    260.    338.    345.    346.    339.
    261.    345.    352.    353.    346.
    262.    352.    359.    360.    353.
    263.    359.    366.    367.    360.
    264.    366.    373.    374.    367.
    265.    373.    380.    381.    374.
    266.    380.    387.    388.    381.
    267.    387.    394.    395.    388.
    268.    394.    401.    402.    395.
    269.    401.    408.    409.    402.
    270.    408.    302.    301.    409.
    271.     45.    318.    319.     44.
    272.    318.    325.    326.    319.
    273.    325.    332.    333.    326.
    274.    332.    339.    340.    333.
    275.    339.    346.    347.    340.
    276.    346.    353.    354.    347.
    277.    353.    360.    361.    354.
    278.    360.    367.    368.    361.
    279.    367.    374.    375.    368.
    280.    374.    381.    382.    375.
    281.    381.    388.    389.    382.
    282.    388.    395.    396.    389.
    283.    395.    402.    403.    396.
    284.    402.    409.    410.    403.
    285.    409.    301.    300.    410.
    286.     44.    319.    320.     43.
    287.    319.    326.    327.    320.
    288.    326.    333.    334.    327.
    289.    333.    340.    341.    334.
    290.    340.    347.    348.    341.
    291.    347.    354.    355.    348.
    292.    354.    361.    362.    355.
    293.    361.    368.    369.    362.
    294.    368.    375.    376.    369.
    295.    375.    382.    383.    376.
    296.    382.    389.    390.    383.
    297.    389.    396.    397.    390.
    298.    396.    403.    404.    397.
    299.    403.    410.    411.    404.
    300.    410.    300.    299.    411.
    301.     43.    320.    321.     42.
    302.    320.    327.    328.    321.
    303.    327.    334.    335.    328.
    304.    334.    341.    342.    335.
    305.    341.    348.    349.    342.
    306.    348.    355.    356.    349.
    307.    355.    362.    363.    356.
    308.    362.    369.    370.    363.
    309.    369.    376.    377.    370.
    310.    376.    383.    384.    377.
    311.    383.    390.    391.    384.
    312.    390.    397.    398.    391.
    313.    397.    404.    405.    398.
    314.    404.    411.    412.    405.
    315.    411.    299.    298.    412.
    316.     42.    321.    322.     41.
    317.    321.    328.    329.    322.
    318.    328.    335.    336.    329.
    319.    335.    342.    343.    336.
    320.    342.    349.    350.    343.
    321.    349.    356.    357.    350.
    322.    356.    363.    364.    357.
    323.    363.    370.    371.    364.
    324.    370.    377.    378.    371.
    325.    377.    384.    385.    378.
    326.    384.    391.    392.    385.
    327.    391.    398.    399.    392.
    328.    398.    405.    406.    399.
    329.    405.    412.    413.    406.
    330.    412.    298.    297.    413.
    331.     41.    322.    323.     40.
    332.    322.    329.    330.    323.
    333.    329.    336.    337.    330.
    334.    336.    343.    344.    337.
    335.    343.    350.    351.    344.
    336.    350.    357.    358.    351.
    337.    357.    364.    365.    358.
    338.    364.    371.    372.    365.
    339.    371.    378.    379.    372.
    340.    378.    385.    386.    379.
    341.    385.    392.    393.    386.
    342.    392.    399.    400.    393.
    343.    399.    406.    407.    400.
    344.    406.    413.    414.    407.
    345.    413.    297.    296.    414.
    346.     40.    323.    303.      2.
    347.    323.    330.    304.    303.
    348.    330.    337.    305.    304.
    349.    337.    344.    306.    305.
    350.    344.    351.    307.    306.
    351.    351.    358.    308.    307.
    352.    358.    365.    309.    308.
    353.    365.    372.    310.    309.
    354.    372.    379.    311.    310.
    355.    379.    386.    312.    311.
    356.    386.    393.    313.    312.
    357.    393.    400.    314.    313.
    358.    400.    407.    315.    314.
    359.    407.    414.    316.    315.
    360.    414.    296.    295.    316.
    361.    285.    424.    443.    302.
    362.    424.    423.    450.    443.
    363.    423.    422.    457.    450.
    364.    422.    421.    464.    457.
    365.    421.    420.    471.    464.
    366.    420.    419.    478.    471.
    367.    419.    418.    485.    478.
    368.    418.    417.    492.    485.
    369.    417.    416.    499.    492.
    370.    416.    415.    506.    499.
    371.    415.    425.    513.    506.
    372.    425.    426.    520.    513.
    373.    426.    427.    527.    520.
    374.    427.    428.    534.    527.
    375.    428.    160.    167.    534.
    376.    302.    443.    444.    301.
    377.    443.    450.    451.    444.
    378.    450.    457.    458.    451.
    379.    457.    464.    465.    458.
    380.    464.    471.    472.    465.
    381.    471.    478.    479.    472.
    382.    478.    485.    486.    479.
    383.    485.    492.    493.    486.
    384.    492.    499.    500.    493.
    385.    499.    506.    507.    500.
    386.    506.    513.    514.    507.
    387.    513.    520.    521.    514.
    388.    520.    527.    528.    521.
    389.    527.    534.    535.    528.
    390.    534.    167.    166.    535.
    391.    301.    444.    445.    300.
    392.    444.    451.    452.    445.
    393.    451.    458.    459.    452.
    394.    458.    465.    466.    459.
    395.    465.    472.    473.    466.
    396.    472.    479.    480.    473.
    397.    479.    486.    487.    480.
    398.    486.    493.    494.    487.
    399.    493.    500.    501.    494.
    400.    500.    507.    508.    501.
    401.    507.    514.    515.    508.
    402.    514.    521.    522.    515.
    403.    521.    528.    529.    522.
    404.    528.    535.    536.    529.
    405.    535.    166.    165.    536.
    406.    300.    445.    446.    299.
    407.    445.    452.    453.    446.
    408.    452.    459.    460.    453.
    409.    459.    466.    467.    460.
    410.    466.    473.    474.    467.
    411.    473.    480.    481.    474.
    412.    480.    487.    488.    481.
    413.    487.    494.    495.    488.
    414.    494.    501.    502.    495.
    415.    501.    508.    509.    502.
    416.    508.    515.    516.    509.
    417.    515.    522.    523.    516.
    418.    522.    529.    530.    523.
    419.    529.    536.    537.    530.
    420.    536.    165.    164.    537.
    421.    299.    446.    447.    298.
    422.    446.    453.    454.    447.
    423.    453.    460.    461.    454.
    424.    460.    467.    468.    461.
    425.    467.    474.    475.    468.
    426.    474.    481.    482.    475.
    427.    481.    488.    489.    482.
    428.    488.    495.    496.    489.
    429.    495.    502.    503.    496.
    430.    502.    509.    510.    503.
    431.    509.    516.    517.    510.
    432.    516.    523.    524.    517.
    433.    523.    530.    531.    524.
    434.    530.    537.    538.    531.
    435.    537.    164.    163.    538.
    436.    298.    447.    448.    297.
    437.    447.    454.    455.    448.
    438.    454.    461.    462.    455.
    439.    461.    468.    469.    462.
    440.    468.    475.    476.    469.
    441.    475.    482.    483.    476.
    442.    482.    489.    490.    483.
    443.    489.    496.    497.    490.
    444.    496.    503.    504.    497.
    445.    503.    510.    511.    504.
    446.    510.    517.    518.    511.
    447.    517.    524.    525.    518.
    448.    524.    531.    532.    525.
    449.    531.    538.    539.    532.
    450.    538.    163.    162.    539.
    451.    297.    448.    449.    296.
    452.    448.    455.    456.    449.
    453.    455.    462.    463.    456.
    454.    462.    469.    470.    463.
    455.    469.    476.    477.    470.
    456.    476.    483.    484.    477.
    457.    483.    490.    491.    484.
    458.    490.    497.    498.    491.
    459.    497.    504.    505.    498.
    460.    504.    511.    512.    505.
    461.    511.    518.    519.    512.
    462.    518.    525.    526.    519.
    463.    525.    532.    533.    526.
    464.    532.    539.    540.    533.
    465.    539.    162.    161.    540.
    466.    296.    449.    429.    295.
    467.    449.    456.    430.    429.
    468.    456.    463.    431.    430.
    469.    463.    470.    432.    431.
    470.    470.    477.    433.    432.
    471.    477.    484.    434.    433.
    472.    484.    491.    435.    434.
    473.    491.    498.    436.    435.
    474.    498.    505.    437.    436.
    475.    505.    512.    438.    437.
    476.    512.    519.    439.    438.
    477.    519.    526.    440.    439.
    478.    526.    533.    441.    440.
    479.    533.    540.    442.    441.
    480.    540.    161.    145.    442.
