      1.          5.0000          3.5000
      2.          4.0000          2.5000
      3.          4.8955          3.4945
      4.          4.7921          3.4781
      5.          4.6910          3.4511
      6.          4.5933          3.4135
      7.          4.5000          3.3660
      8.          4.4122          3.3090
      9.          4.3309          3.2431
     10.          4.2569          3.1691
     11.          4.1910          3.0878
     12.          4.1340          3.0000
     13.          4.0865          2.9067
     14.          4.0489          2.8090
     15.          4.0219          2.7079
     16.          4.0055          2.6045
     17.          5.0000          5.0000
     18.          5.0000          3.6875
     19.          5.0000          3.8750
     20.          5.0000          4.0625
     21.          5.0000          4.2500
     22.          5.0000          4.4375
     23.          5.0000          4.6250
     24.          5.0000          4.8125
     25.          0.0000          5.0000
     26.          0.5000          5.0000
     27.          1.0000          5.0000
     28.          1.5000          5.0000
     29.          2.0000          5.0000
     30.          2.5000          5.0000
     31.          3.0000          5.0000
     32.          3.5000          5.0000
     33.          4.0000          5.0000
     34.          4.5000          5.0000
     35.          0.0000          2.5000
     36.          0.0000          4.5000
     37.          0.0000          4.0000
     38.          0.0000          3.5000
     39.          0.0000          3.0000
     40.          3.5000          2.5000
     41.          3.0000          2.5000
     42.          2.5000          2.5000
     43.          2.0000          2.5000
     44.          1.5000          2.5000
     45.          1.0000          2.5000
     46.          0.5000          2.5000
     47.          3.5048          2.6540
     48.          3.0041          2.7034
     49.          2.5034          2.7528
     50.          2.0027          2.8023
     51.          1.5021          2.8517
     52.          1.0014          2.9011
     53.          0.5007          2.9506
     54.          3.5191          2.8069
     55.          3.0164          2.9059
     56.          2.5137          3.0049
     57.          2.0109          3.1040
     58.          1.5082          3.2030
     59.          1.0055          3.3020
     60.          0.5027          3.4010
     61.          3.5428          2.9579
     62.          3.0367          3.1068
     63.          2.5306          3.2556
     64.          2.0245          3.4045
     65.          1.5184          3.5534
     66.          1.0122          3.7023
     67.          0.5061          3.8511
     68.          3.5756          3.1059
     69.          3.0648          3.3051
     70.          2.5540          3.5042
     71.          2.0432          3.7034
     72.          1.5324          3.9025
     73.          1.0216          4.1017
     74.          0.5108          4.3008
     75.          3.6172          3.2500
     76.          3.1005          3.5000
     77.          2.5837          3.7500
     78.          2.0670          4.0000
     79.          1.5502          4.2500
     80.          1.0335          4.5000
     81.          0.5167          4.7500
     82.          3.7296          3.3268
     83.          3.2682          3.5658
     84.          2.8069          3.8049
     85.          2.3455          4.0439
     86.          1.8841          4.2829
     87.          1.4227          4.5219
     88.          0.9614          4.7610
     89.          3.8497          3.3980
     90.          3.4426          3.6268
     91.          3.0355          3.8557
     92.          2.6284          4.0846
     93.          2.2213          4.3134
     94.          1.8142          4.5423
     95.          1.4071          4.7711
     96.          3.9770          3.4628
     97.          3.6232          3.6824
     98.          3.2693          3.9020
     99.          2.9154          4.1216
    100.          2.5616          4.3412
    101.          2.2077          4.5608
    102.          1.8539          4.7804
    103.          4.1107          3.5204
    104.          3.8092          3.7318
    105.          3.5076          3.9431
    106.          3.2061          4.1545
    107.          2.9046          4.3659
    108.          2.6031          4.5773
    109.          2.3015          4.7886
    110.          4.2500          3.5703
    111.          4.0000          3.7745
    112.          3.7500          3.9788
    113.          3.5000          4.1830
    114.          3.2500          4.3873
    115.          3.0000          4.5915
    116.          2.7500          4.7958
    117.          4.3941          3.6119
    118.          4.1949          3.8102
    119.          3.9958          4.0085
    120.          3.7966          4.2068
    121.          3.5975          4.4051
    122.          3.3983          4.6034
    123.          3.1992          4.8017
    124.          4.5421          3.6447
    125.          4.3932          3.8383
    126.          4.2444          4.0319
    127.          4.0955          4.2255
    128.          3.9466          4.4191
    129.          3.7977          4.6128
    130.          3.6489          4.8064
    131.          4.6931          3.6684
    132.          4.5941          3.8586
    133.          4.4951          4.0488
    134.          4.3960          4.2391
    135.          4.2970          4.4293
    136.          4.1980          4.6195
    137.          4.0990          4.8098
    138.          4.8460          3.6827
    139.          4.7966          3.8709
    140.          4.7472          4.0591
    141.          4.6977          4.2473
    142.          4.6483          4.4354
    143.          4.5989          4.6236
    144.          4.5494          4.8118
    145.          6.0000          2.5000
    146.          5.9945          2.6045
    147.          5.9781          2.7079
    148.          5.9511          2.8090
    149.          5.9135          2.9067
    150.          5.8660          3.0000
    151.          5.8090          3.0878
    152.          5.7431          3.1691
    153.          5.6691          3.2431
    154.          5.5878          3.3090
    155.          5.5000          3.3660
    156.          5.4067          3.4135
    157.          5.3090          3.4511
    158.          5.2079          3.4781
    159.          5.1045          3.4945
    160.         10.0000          2.5000
    161.          6.5000          2.5000
    162.          7.0000          2.5000
    163.          7.5000          2.5000
    164.          8.0000          2.5000
    165.          8.5000          2.5000
    166.          9.0000          2.5000
    167.          9.5000          2.5000
    168.         10.0000          5.0000
    169.         10.0000          4.5000
    170.         10.0000          4.0000
    171.         10.0000          3.5000
    172.         10.0000          3.0000
    173.          9.5000          5.0000
    174.          9.0000          5.0000
    175.          8.5000          5.0000
    176.          8.0000          5.0000
    177.          7.5000          5.0000
    178.          7.0000          5.0000
    179.          6.5000          5.0000
    180.          6.0000          5.0000
    181.          5.5000          5.0000
    182.          5.1540          3.6827
    183.          5.2034          3.8709
    184.          5.2528          4.0591
    185.          5.3023          4.2473
    186.          5.3517          4.4354
    187.          5.4011          4.6236
    188.          5.4506          4.8118
    189.          5.3069          3.6684
    190.          5.4059          3.8586
    191.          5.5049          4.0488
    192.          5.6040          4.2391
    193.          5.7030          4.4293
    194.          5.8020          4.6195
    195.          5.9010          4.8098
    196.          5.4579          3.6447
    197.          5.6068          3.8383
    198.          5.7556          4.0319
    199.          5.9045          4.2255
    200.          6.0534          4.4191
    201.          6.2023          4.6128
    202.          6.3511          4.8064
    203.          5.6059          3.6119
    204.          5.8051          3.8102
    205.          6.0042          4.0085
    206.          6.2034          4.2068
    207.          6.4025          4.4051
    208.          6.6017          4.6034
    209.          6.8008          4.8017
    210.          5.7500          3.5703
    211.          6.0000          3.7745
    212.          6.2500          3.9788
    213.          6.5000          4.1830
    214.          6.7500          4.3873
    215.          7.0000          4.5915
    216.          7.2500          4.7958
    217.          5.8893          3.5204
    218.          6.1908          3.7318
    219.          6.4924          3.9431
    220.          6.7939          4.1545
    221.          7.0954          4.3659
    222.          7.3969          4.5773
    223.          7.6985          4.7886
    224.          6.0230          3.4628
    225.          6.3768          3.6824
    226.          6.7307          3.9020
    227.          7.0846          4.1216
    228.          7.4384          4.3412
    229.          7.7923          4.5608
    230.          8.1461          4.7804
    231.          6.1503          3.3980
    232.          6.5574          3.6268
    233.          6.9645          3.8557
    234.          7.3716          4.0846
    235.          7.7787          4.3134
    236.          8.1858          4.5423
    237.          8.5929          4.7711
    238.          6.2704          3.3268
    239.          6.7318          3.5658
    240.          7.1931          3.8049
    241.          7.6545          4.0439
    242.          8.1159          4.2829
    243.          8.5773          4.5219
    244.          9.0386          4.7610
    245.          6.3828          3.2500
    246.          6.8995          3.5000
    247.          7.4163          3.7500
    248.          7.9330          4.0000
    249.          8.4498          4.2500
    250.          8.9665          4.5000
    251.          9.4833          4.7500
    252.          6.4244          3.1059
    253.          6.9352          3.3051
    254.          7.4460          3.5042
    255.          7.9568          3.7034
    256.          8.4676          3.9025
    257.          8.9784          4.1017
    258.          9.4892          4.3008
    259.          6.4572          2.9579
    260.          6.9633          3.1068
    261.          7.4694          3.2556
    262.          7.9755          3.4045
    263.          8.4816          3.5534
    264.          8.9878          3.7023
    265.          9.4939          3.8511
    266.          6.4809          2.8069
    267.          6.9836          2.9059
    268.          7.4863          3.0049
    269.          7.9891          3.1040
    270.          8.4918          3.2030
    271.          8.9945          3.3020
    272.          9.4973          3.4010
    273.          6.4952          2.6540
    274.          6.9959          2.7034
    275.          7.4966          2.7528
    276.          7.9973          2.8023
    277.          8.4979          2.8517
    278.          8.9986          2.9011
    279.          9.4993          2.9506
    280.          0.0000          0.0000
    281.          0.0000          0.5000
    282.          0.0000          1.0000
    283.          0.0000          1.5000
    284.          0.0000          2.0000
    285.          5.0000          0.0000
    286.          0.5000          0.0000
    287.          1.0000          0.0000
    288.          1.5000          0.0000
    289.          2.0000          0.0000
    290.          2.5000          0.0000
    291.          3.0000          0.0000
    292.          3.5000          0.0000
    293.          4.0000          0.0000
    294.          4.5000          0.0000
    295.          5.0000          1.5000
    296.          5.0000          1.3125
    297.          5.0000          1.1250
    298.          5.0000          0.9375
    299.          5.0000          0.7500
    300.          5.0000          0.5625
    301.          5.0000          0.3750
    302.          5.0000          0.1875
    303.          4.0055          2.3955
    304.          4.0219          2.2921
    305.          4.0489          2.1910
    306.          4.0865          2.0933
    307.          4.1340          2.0000
    308.          4.1910          1.9122
    309.          4.2569          1.8309
    310.          4.3309          1.7569
    311.          4.4122          1.6910
    312.          4.5000          1.6340
    313.          4.5933          1.5865
    314.          4.6910          1.5489
    315.          4.7921          1.5219
    316.          4.8955          1.5055
    317.          0.5007          2.0494
    318.          1.0014          2.0989
    319.          1.5021          2.1483
    320.          2.0027          2.1977
    321.          2.5034          2.2472
    322.          3.0041          2.2966
    323.          3.5048          2.3460
    324.          0.5027          1.5990
    325.          1.0055          1.6980
    326.          1.5082          1.7970
    327.          2.0109          1.8960
    328.          2.5137          1.9951
    329.          3.0164          2.0941
    330.          3.5191          2.1931
    331.          0.5061          1.1489
    332.          1.0122          1.2977
    333.          1.5184          1.4466
    334.          2.0245          1.5955
    335.          2.5306          1.7444
    336.          3.0367          1.8932
    337.          3.5428          2.0421
    338.          0.5108          0.6992
    339.          1.0216          0.8983
    340.          1.5324          1.0975
    341.          2.0432          1.2966
    342.          2.5540          1.4958
    343.          3.0648          1.6949
    344.          3.5756          1.8941
    345.          0.5167          0.2500
    346.          1.0335          0.5000
    347.          1.5502          0.7500
    348.          2.0670          1.0000
    349.          2.5837          1.2500
    350.          3.1005          1.5000
    351.          3.6172          1.7500
    352.          0.9614          0.2390
    353.          1.4227          0.4781
    354.          1.8841          0.7171
    355.          2.3455          0.9561
    356.          2.8069          1.1951
    357.          3.2682          1.4342
    358.          3.7296          1.6732
    359.          1.4071          0.2289
    360.          1.8142          0.4577
    361.          2.2213          0.6866
    362.          2.6284          0.9154
    363.          3.0355          1.1443
    364.          3.4426          1.3732
    365.          3.8497          1.6020
    366.          1.8539          0.2196
    367.          2.2077          0.4392
    368.          2.5616          0.6588
    369.          2.9154          0.8784
    370.          3.2693          1.0980
    371.          3.6232          1.3176
    372.          3.9770          1.5372
    373.          2.3015          0.2114
    374.          2.6031          0.4227
    375.          2.9046          0.6341
    376.          3.2061          0.8455
    377.          3.5076          1.0569
    378.          3.8092          1.2682
    379.          4.1107          1.4796
    380.          2.7500          0.2042
    381.          3.0000          0.4085
    382.          3.2500          0.6127
    383.          3.5000          0.8170
    384.          3.7500          1.0212
    385.          4.0000          1.2255
    386.          4.2500          1.4297
    387.          3.1992          0.1983
    388.          3.3983          0.3966
    389.          3.5975          0.5949
    390.          3.7966          0.7932
    391.          3.9958          0.9915
    392.          4.1949          1.1898
    393.          4.3941          1.3881
    394.          3.6489          0.1936
    395.          3.7977          0.3872
    396.          3.9466          0.5809
    397.          4.0955          0.7745
    398.          4.2444          0.9681
    399.          4.3932          1.1617
    400.          4.5421          1.3553
    401.          4.0990          0.1902
    402.          4.1980          0.3805
    403.          4.2970          0.5707
    404.          4.3960          0.7609
    405.          4.4951          0.9512
    406.          4.5941          1.1414
    407.          4.6931          1.3316
    408.          4.5494          0.1882
    409.          4.5989          0.3764
    410.          4.6483          0.5646
    411.          4.6977          0.7527
    412.          4.7472          0.9409
    413.          4.7966          1.1291
    414.          4.8460          1.3173
    415.         10.0000          0.0000
    416.          9.5000          0.0000
    417.          9.0000          0.0000
    418.          8.5000          0.0000
    419.          8.0000          0.0000
    420.          7.5000          0.0000
    421.          7.0000          0.0000
    422.          6.5000          0.0000
    423.          6.0000          0.0000
    424.          5.5000          0.0000
    425.         10.0000          0.5000
    426.         10.0000          1.0000
    427.         10.0000          1.5000
    428.         10.0000          2.0000
    429.          5.1045          1.5055
    430.          5.2079          1.5219
    431.          5.3090          1.5489
    432.          5.4067          1.5865
    433.          5.5000          1.6340
    434.          5.5878          1.6910
    435.          5.6691          1.7569
    436.          5.7431          1.8309
    437.          5.8090          1.9122
    438.          5.8660          2.0000
    439.          5.9135          2.0933
    440.          5.9511          2.1910
    441.          5.9781          2.2921
    442.          5.9945          2.3955
    443.          5.4506          0.1882
    444.          5.4011          0.3764
    445.          5.3517          0.5646
    446.          5.3023          0.7527
    447.          5.2528          0.9409
    448.          5.2034          1.1291
    449.          5.1540          1.3173
    450.          5.9010          0.1902
    451.          5.8020          0.3805
    452.          5.7030          0.5707
    453.          5.6040          0.7609
    454.          5.5049          0.9512
    455.          5.4059          1.1414
    456.          5.3069          1.3316
    457.          6.3511          0.1936
    458.          6.2023          0.3872
    459.          6.0534          0.5809
    460.          5.9045          0.7745
    461.          5.7556          0.9681
    462.          5.6068          1.1617
    463.          5.4579          1.3553
    464.          6.8008          0.1983
    465.          6.6017          0.3966
    466.          6.4025          0.5949
    467.          6.2034          0.7932
    468.          6.0042          0.9915
    469.          5.8051          1.1898
    470.          5.6059          1.3881
    471.          7.2500          0.2042
    472.          7.0000          0.4085
    473.          6.7500          0.6127
    474.          6.5000          0.8170
    475.          6.2500          1.0212
    476.          6.0000          1.2255
    477.          5.7500          1.4297
    478.          7.6985          0.2114
    479.          7.3969          0.4227
    480.          7.0954          0.6341
    481.          6.7939          0.8455
    482.          6.4924          1.0569
    483.          6.1908          1.2682
    484.          5.8893          1.4796
    485.          8.1461          0.2196
    486.          7.7923          0.4392
    487.          7.4384          0.6588
    488.          7.0846          0.8784
    489.          6.7307          1.0980
    490.          6.3768          1.3176
    491.          6.0230          1.5372
    492.          8.5929          0.2289
    493.          8.1858          0.4577
    494.          7.7787          0.6866
    495.          7.3716          0.9154
    496.          6.9645          1.1443
    497.          6.5574          1.3732
    498.          6.1503          1.6020
    499.          9.0386          0.2390
    500.          8.5773          0.4781
    501.          8.1159          0.7171
    502.          7.6545          0.9561
    503.          7.1931          1.1951
    504.          6.7318          1.4342
    505.          6.2704          1.6732
    506.          9.4833          0.2500
    507.          8.9665          0.5000
    508.          8.4498          0.7500
    509.          7.9330          1.0000
    510.          7.4163          1.2500
    511.          6.8995          1.5000
    512.          6.3828          1.7500
    513.          9.4892          0.6992
    514.          8.9784          0.8983
    515.          8.4676          1.0975
    516.          7.9568          1.2966
    517.          7.4460          1.4958
    518.          6.9352          1.6949
    519.          6.4244          1.8941
    520.          9.4939          1.1489
    521.          8.9878          1.2977
    522.          8.4816          1.4466
    523.          7.9755          1.5955
    524.          7.4694          1.7444
    525.          6.9633          1.8932
    526.          6.4572          2.0421
    527.          9.4973          1.5990
    528.          8.9945          1.6980
    529.          8.4918          1.7970
    530.          7.9891          1.8960
    531.          7.4863          1.9951
    532.          6.9836          2.0941
    533.          6.4809          2.1931
    534.          9.4993          2.0494
    535.          8.9986          2.0989
    536.          8.4979          2.1483
    537.          7.9973          2.1977
    538.          7.4966          2.2472
    539.          6.9959          2.2966
    540.          6.4952          2.3460
